"File Number","0","1","2","3","4","5","6","7","8","9","10","11","12","13","14","15","16","17","18","19","20"
"1","0.6997992242062441","0.17610705829669424","0.11208300882584062","0.0077638886025133","0.0018850617382331393","0.0004930456926611969","6.287848454599506e-05","1.0334308510749558e-05","6.638849087200473e-06","9.867317120373845e-06","3.961476031100316e-06","1.6551069601781862e-06","2.0925041527534338e-07","2.848921563948712e-07","5.1580757805282525e-06","1.1007881173230162e-05","9.502843444249066e-06","8.28900084127885e-06","0.00034298540344893737","0.0008056711865634133","0.0005902685617348848"
"2","0.7359788831824139","0.16376253630307014","0.09006320235925191","0.007097158785647172","0.0009397373703283683","0.0002853719515963342","7.739968135411932e-05","3.7257393124458076e-05","4.840295547256668e-05","2.813409200157643e-05","8.250588369909702e-06","2.2782852766857623e-06","2.8657432601266362e-06","5.339821808628436e-06","9.824980815162029e-05","0.00022796723166965523","0.0002520600458492106","0.0003151887833334414","0.00039890465974887776","0.00029949122918355883","7.131972908784707e-05"
"3","0.7354809602718786","0.15629472815821727","0.09591252710785834","0.009981841680206303","0.00040651940144089023","0.0002219273861777308","1.010793672731859e-09","6.97035458826662e-05","9.987617823281302e-05","0.0001127072249105216","3.8838466955417036e-08","1.629248837880929e-05","0.0001349708472135082","0.0003860593309126915","0.0008035152113451869","9.580344400336722e-13","2.4078604216857173e-11","7.754681781927536e-07","7.755582478422842e-05","8.813885377312206e-14","8.539392033069499e-28"
"4","0.7410271413077336","0.16598775286370032","0.0817123721370502","0.009051101884177635","0.0001952408757518234","0.00015811628540853435","1.6899934472556074e-06","3.920937106272646e-08","1.535832582682266e-05","0.00017742329470471567","1.675942066496008e-05","0.0016569994895576723","7.690558970862027e-11","4.773715427010523e-09","3.1228902578544724e-14","1.8598458824586077e-12","5.879418154418143e-11","1.0301241550999125e-14","1.286322912746893e-12","2.932121363144933e-21","1.353492214766547e-30"
"5","0.7440189158221802","0.15607846754585009","0.0928782365573084","0.004469447772329674","0.0005312704193456953","0.0003040136363325022","2.6497547283089437e-10","1.9330774120367998e-10","4.763490968699237e-13","2.6052434865331643e-12","3.847418711333482e-06","3.195124368659042e-05","0.00011134884985548272","0.0001709125794882927","0.00034776127609224074","0.0010469400519175756","1.0169139174905326e-06","5.869443824548314e-06","7.796057315113196e-12","2.5052441359464436e-18","2.075382779695208e-26"
"6","0.4858123281905998","0.2675760110363008","0.10343445406468264","0.07638944867872512","0.03872603379646306","0.015590444964590883","0.005807095254290981","0.0022923699369673104","0.0009509317709271819","0.00044871118145105716","0.0002799359902262461","0.00019147913023286577","0.00011555647110576416","8.471269605211026e-05","7.919467001516434e-05","8.540092209710852e-05","0.00011578237314542459","0.00014457698572731763","0.0003291413600696068","0.0007827235398589141","0.0007636669864707186"
"7","0.5206143828930888","0.2306708233622143","0.12714487761466092","0.061792792434052","0.028436638381161426","0.013454339691731525","0.006691873520976612","0.003459086935177343","0.0018869858702117185","0.0011025883372020719","0.0007071654395890956","0.0005280474470893339","0.00046351046108840236","0.0004602618475434524","0.0004910981839665853","0.0005232594659479815","0.0005158521881496702","0.00046284913054313304","0.0003500797866897812","0.0001907875062881817","5.269950262791967e-05"
"8","0.47830439967600435","0.2559740898539643","0.12997185076059523","0.0756399216959126","0.034032297807487746","0.013966657972746483","0.005248365176107458","0.0020671483869090838","0.0009538447044744925","0.0004994640493309187","0.0003213697288438662","0.0002473535501681847","0.00024640413587458603","0.0001709640986393683","0.00014010143480535758","0.00019334381424632519","0.0002156489589997142","0.00029966855250123666","0.00047478262887525475","0.0005600225427570987","0.00047230047075522336"
"9","0.49636754795094895","0.24773122390694013","0.10236002477086134","0.07904791159399055","0.03973643333184957","0.015837690787960292","0.006193067610295984","0.003275279487092149","0.0019521339860613203","0.0011671412163325819","0.0007369316808560525","0.0005008931959492647","0.0006326602743468029","0.001082422195133987","0.0015649231526627518","0.0008950732663218398","0.00041874204949742607","0.00020010648992115505","0.00021340237638995532","7.808828002544181e-05","8.302396561045198e-06"
"10","0.5257921106770472","0.21621437691096512","0.10349733235927021","0.07929959144877213","0.04171989013460835","0.017745100374909388","0.007478624953418681","0.0034436698120878305","0.0016411838494436305","0.0008063902254258832","0.0003604396358378801","0.00016578037955707777","0.0001083442168577315","0.00010725044832645253","0.0001233550020190373","0.00013254757965110156","0.00011119441239905981","0.00018241791395552006","0.0004181147859986479","0.0004821919522895647","0.00017009292715883617"
"11","0.36624802705224674","0.207482082812548","0.13702540409396638","0.11317803838424838","0.07342326041193847","0.04148863974864752","0.022108097387152924","0.011930574528392149","0.006804459560113281","0.004258848396674188","0.0029120074676974414","0.0020501150942336408","0.0014545562155370041","0.0010974886161015773","0.00098029819681669","0.001126628416491929","0.0014567174335354352","0.0017323292002667586","0.0016809337509194027","0.0011538464269404023","0.0004076468055320034"
"12","0.3355384646941504","0.23212895334864894","0.12234674996078118","0.11704237876048018","0.0839629850693595","0.04983015340023586","0.026293999457792743","0.013243105852926741","0.0068065012544114185","0.003721690416687334","0.002219810221962844","0.0014801520031286059","0.0011213354236220162","0.0009679780798256532","0.0008740943887420845","0.0007593983818252195","0.0006455695068607161","0.0005231316578995834","0.0003422770007340534","0.00012980570878688168","2.1465411137638632e-05"
"13","0.3560901128082122","0.24403050972809703","0.09595052747530367","0.11165375105118791","0.0870947036652941","0.05151475532953146","0.025778021690347742","0.01199512562431664","0.00549357950041419","0.002541239449844979","0.0012319150746727126","0.000666955407761832","0.00043996858891572185","0.00038352732480043876","0.00045241123546761026","0.0007379530184607198","0.001009290410134215","0.0012587848847453419","0.001162833065179502","0.0004800253164302926","3.4009350882218537e-05"
"14","0.32566136561175935","0.24737277832482138","0.11490761304447289","0.11859912026578462","0.08698979527229007","0.0510277055508878","0.025996428071896543","0.01223797695479066","0.005667942116890474","0.002727596994783705","0.0014202924978151757","0.0008417938610146236","0.0005965674847615044","0.000498808514404657","0.0005150330402779419","0.0006528054095696924","0.0008561705240269941","0.0010389117070365467","0.0009637831826861542","0.0010518593770438224","0.00037565219298516244"
"15","0.3030872107659832","0.23476705181127402","0.11747305111077645","0.1272389061543351","0.0951472538003892","0.05642422341011895","0.029316540594715532","0.014518858337707732","0.00722507849295148","0.0037837484022114295","0.0021494785800313127","0.0013944566538832506","0.0009183925500089924","0.0006675630855610366","0.000616896897523541","0.000718758266012134","0.0008952704715443276","0.001067871776698111","0.001010828498648659","0.0008957634588576317","0.0006827968807669703"
"16","0.16527780172749565","0.2235112970371741","0.04620558437546382","0.0944208983423807","0.12792060253591514","0.12574788009084634","0.09611758161204141","0.06059353346564998","0.03306117945986924","0.016103790628785475","0.0070691238092487375","0.0027558058023730418","0.0009162746255896051","0.00024456082690115107","4.7683974500493705e-05","5.9583580773204655e-06","4.2662249321891194e-07","1.637634724648213e-08","3.2588776110895255e-10","2.951607521596833e-12","7.549435245403024e-15"
"17","0.28551209651112713","0.2181296321810789","0.10277511182883058","0.10926435936943708","0.0917267200346087","0.06578093007921099","0.042743297278540704","0.026359924253900723","0.01600641544126927","0.009857233051530115","0.006318650998494162","0.004327922467197765","0.003253290868721916","0.002746727161862203","0.002619976086996452","0.0027431726692803437","0.0029406370513333723","0.002898689057048913","0.002324202480619561","0.0012958326129238402","0.00037517851598798573"
"18","0.24341268233309563","0.19177007072358243","0.10268611164753619","0.13959253111100536","0.12545205884576113","0.08350521748968996","0.04572161295128674","0.022837317514539098","0.011395091145469341","0.006077676190348011","0.0036814081523933078","0.002689274880854289","0.002407758758637174","0.00257969060831767","0.003070367442163225","0.0036369556813503744","0.003926954875772115","0.0033199679549186876","0.001828388261945957","0.00038990257388893705","1.8960857445793456e-05"
"19","0.2861041262532393","0.21794360360026077","0.08492648426164438","0.11906853464052745","0.11091878882123463","0.07711755530036912","0.04417502158477173","0.02277667030929547","0.011410425465038213","0.005913938537684942","0.0033610600348016706","0.0022119614850950515","0.0017095280745833396","0.00151501744424644","0.001531182449669671","0.0017571151505503262","0.0021505581481332777","0.0024106601953605977","0.0021283054554829413","0.0008442086270958268","2.5254160916260127e-05"
"20","0.24297466538962262","0.20122215579655298","0.11387595436568612","0.1390778985206861","0.11902098237024523","0.08072457269544848","0.046861412559270135","0.02444332538562158","0.011935209959225743","0.0057318651686003395","0.0028462606521875156","0.0015491180304557674","0.0009704295846044817","0.000712922694279123","0.0005850298741872681","0.0005177236540229615","0.0005193324329675801","0.0006484170355736134","0.0010095446294181494","0.0019183932197969571","0.0028547859815464386"
"21","0.14255274938278745","0.1512718899630361","0.03434312767674322","0.07375422550964007","0.11080506090608028","0.12655373109565396","0.11681474163264928","0.09158207950252237","0.06354177374546932","0.04023828446828763","0.02365841263802873","0.012986690794065283","0.006681416811064192","0.0032055349940755956","0.0013742623075539324","0.00048382480959559954","0.00012706914377639267","2.2630795615056684e-05","2.3767329498122064e-06","1.1540287780380292e-07","1.687527079885826e-09"
"22","0.01959126049815528","0.0769294822583454","0.021334959343838143","0.056743797456159276","0.10280959496940191","0.13885803010275027","0.14917660353104567","0.13406828805154708","0.10510988568753142","0.07451908551672559","0.049234071688636916","0.031006388377787422","0.01888306634024443","0.011118629529142521","0.006139073609109879","0.0029665703607792628","0.0011404045324177033","0.000314142528083307","5.2772021304201366e-05","3.8009810328890487e-06","9.261596286416829e-08"
"23","0.008530056222160685","0.09690260860676778","0.023566063383076034","0.06446284708777154","0.11676345119869054","0.1534273915849867","0.15663730454672567","0.13184576140893348","0.09673155444179653","0.06485588757270272","0.040829743873237685","0.02400506508118004","0.012708951710548687","0.005801997422568124","0.0021790549333617817","0.0006201850610560503","0.0001182399174149332","1.3122267425633307e-05","6.980861452073422e-07","1.5467811396878782e-08","1.2563829450422162e-10"
"24","0.017321758511665068","0.13733812552609687","0.027284035560193015","0.06629680092957846","0.11288621328451723","0.14572875489164028","0.14997326495916716","0.12810521330052652","0.09395374926581414","0.06039039037663359","0.034057018846407786","0.016587543890859105","0.0068604630681433215","0.0023813246691247493","0.0006724634445172315","0.00014165412859691408","1.958029810397675e-05","1.5739943564268853e-06","6.960258540523517e-08","1.4410493774472276e-09","1.043054642604762e-11"
"25","0.20870924664014687","0.23372839633093392","0.042890561233223545","0.07565271259003173","0.09415687647544418","0.09116679870101532","0.07391123712007844","0.05319260366730744","0.035625851018383246","0.02308106448579197","0.01493747774195434","0.009925139477286375","0.00693826467221827","0.0052186351557175015","0.004303045593340819","0.003939280935430466","0.0040250396821531415","0.004525194348843785","0.005257841784107452","0.005412014908774595","0.0034027174378162797"
