"File Number","0","1","2","3","4","5","6","7","8","9","10","11","12","13","14","15","16","17","18","19","20"
"1","0.7012977914804999","0.17395059148933464","0.09456613783701222","0.022229789127591767","0.006056497235962225","0.0018895648808821255","9.906458116127197e-10","1.2456145264915414e-18","3.1034141153966233e-25","2.0335228676901058e-21","8.523791489058084e-24","3.2475857869160946e-27","7.080187478727123e-30","3.529784271266109e-32","7.220485461519556e-31","3.740222559028437e-25","2.33536086968004e-23","7.209768500323884e-10","2.279621615112065e-06","7.346149692851539e-06","4.657852138844803e-10"
"2","0.7357331992928268","0.16421213054801884","0.07214560904386627","0.021969692217739478","0.003980570660521035","0.00192800296346218","1.6084942471955067e-07","1.062034016388539e-07","2.302213579247131e-09","2.0861735072357415e-10","5.857246939942683e-12","2.8044162796243083e-14","2.339145912438688e-10","6.859227661045686e-10","6.4473385674839725e-06","2.3509189803721573e-05","5.682538118747817e-07","2.002857739054676e-12","6.695464869740402e-17","2.343694698620217e-22","5.342121704247935e-29"
"3","0.7359919591187727","0.15580341014461555","0.08395763699718324","0.020230980487189017","0.001977228621707866","0.002026036058795068","8.704296236304799e-06","1.1145773766001369e-07","1.2327913094296121e-06","2.6891544267458643e-06","1.0862286993946296e-08","4.793239739575851e-12","4.003521598678106e-12","6.700754116450516e-13","2.7127781238231117e-13","1.062393941127121e-15","7.568182339050805e-18","1.2738618439244193e-18","3.1363416207229305e-16","4.519267267867362e-16","2.0125489278981635e-21"
"4","0.7419497377284795","0.1661027980689758","0.07189533464457964","0.0160422968468087","0.00201278776037368","0.001996992887789744","2.1938989317415873e-13","4.841863948943572e-15","3.952120472321121e-12","2.3543026945651053e-13","1.085968192552909e-14","5.205856983519633e-08","1.927194254344659e-16","9.812814977203724e-18","1.1427052808671572e-25","3.9984033854183235e-22","1.8449049241291487e-30","3.940423322036343e-30","1.3448392798998086e-26","1.2116339121686466e-39","2.2952617590792703e-53"
"5","0.7431127638032665","0.15694641936721346","0.0798346532623026","0.014094382783126299","0.004031474649456062","0.0019802886109146255","7.812092040012251e-13","2.6395338369997782e-20","9.880748913654284e-17","1.4884660101224557e-14","5.487157946948658e-13","1.2554598097760037e-14","6.981530214584794e-13","1.3807672632320499e-11","1.2751057257212708e-12","1.7374276209143164e-08","2.9291568222783312e-12","1.2937654177713315e-10","2.685288735934893e-20","1.0985875516220937e-31","1.4349567204211128e-51"
"6","0.49664908560057236","0.26693684339881385","0.11211303544696676","0.049455091943997505","0.03380527058866631","0.02326928316729988","0.009604043746585647","0.0038069673896322575","0.001603795711172767","0.0007735156564077101","0.00043788763283391415","0.0002829572870955026","0.00016914717621432682","0.00011811521310502537","9.251703307473012e-05","8.87930185169465e-05","9.420823816975209e-05","0.0001090896908887495","0.00016188027547317217","0.0002915908416597787","0.00013688094285311725"
"7","0.5212816580155174","0.232098783825676","0.11867562168097387","0.06005614341552891","0.03184573389097","0.0254351849318123","0.005050818510682236","0.0013537844677663567","0.0005192572506254213","0.00026869736622776245","0.00019332118724989738","0.00019743383488493552","0.00022328156839126538","0.0002831302489961143","0.0003611166832994204","0.0004367237017045044","0.0004867020128383576","0.000510160201137229","0.00042542177736850116","0.0002344056188629066","6.26198094861932e-05"
"8","0.4589662742829019","0.26158606742071333","0.13201117188943182","0.06688242163075746","0.03658267192918881","0.028454186844454794","0.008537067004212553","0.0025775427314701145","0.0009416456802573277","0.0004298745367523578","0.00028535383353979135","0.00021425855529458502","0.00019469974090763752","0.00010923517931461365","0.00012767219005409313","0.00038906527714718787","0.0003131149319464266","0.00026336719839180204","0.0004692962655017655","0.00038709033538775515","0.0002779225423748228"
"9","0.4841426289556386","0.2502514052619465","0.12964541150193037","0.05454883835294901","0.0497928616345125","0.01668271960776628","0.006481879523560265","0.00273874189420131","0.0017361274556203594","0.0005464916604844849","0.00023549379675856833","9.660172732154595e-05","0.00011731647761280111","6.160631464951316e-05","2.1569186789240006e-05","2.4069586151202502e-05","1.7022947982127978e-05","2.5049997222375525e-05","5.9036056171107576e-05","0.00028188658251549446","0.0024932414782172538"
"10","0.49545849984907386","0.23670895949074555","0.12065396401001234","0.046183993827042524","0.05114862038903085","0.03406788305764174","0.009257385001496877","0.0028965704659101","0.0010654355570502356","0.000500954525868688","0.00012649896750090308","6.429956898935657e-05","5.846761991746504e-05","8.839073253820456e-05","0.00013266157148040232","8.908028585813997e-05","6.93914426901924e-05","0.0002448023362753661","0.0005922231406299545","0.00048193349375238857","0.00010998466649530075"
"11","0.3705728850948316","0.21457354404862578","0.16411799029433402","0.09029044053175467","0.05436593789877656","0.03548735302674758","0.024808290210905425","0.015449820807620888","0.009226667861460524","0.005663792047418227","0.003684283249595414","0.002454007846573191","0.0016813756965472423","0.0013294700815545994","0.0013249255415420137","0.0014652116345338978","0.0014480378519980811","0.0011259173870131179","0.0006484713413230837","0.00024034555666159387","4.1231990182195154e-05"
"12","0.3351535879642395","0.23256765088112072","0.14030190728449612","0.10789614196268132","0.0656245759869428","0.045585991614088855","0.030783866428583898","0.017958390075771054","0.009841312987462743","0.0053851464398470585","0.0030791419657808035","0.0019254693004968498","0.0013449412235204085","0.001030613298156074","0.0007367989035795297","0.0004345051531249238","0.00022062993442550525","9.576423426587926e-05","2.920913179163143e-05","4.143334459559347e-06","2.118951640454412e-07"
"13","0.34837826347010104","0.23588257180622246","0.13483691859931926","0.09499130108314445","0.0638714431490316","0.04046556254471003","0.03151999067129764","0.020121400321061574","0.011308452683889084","0.005938658361299461","0.0031095228096168033","0.0017537117058634094","0.0011150484699242724","0.0008492378882484089","0.0008579417223506236","0.0011219453391573915","0.0012644732682177535","0.0012973406567979026","0.0009644584432100964","0.00032650435435549143","2.525265218220287e-05"
"14","0.3257239464897668","0.24716609937556377","0.14104439841721075","0.11183711313486734","0.05888365479617667","0.045777348454586274","0.030121761956914322","0.016751378028817522","0.008470495167826417","0.004176019206170973","0.0021547743981759487","0.0012406911444421808","0.0008417945999393455","0.0006450706914696998","0.000641399695801133","0.000797862564479737","0.0009868943031705755","0.0011765222114163913","0.0008172518768498214","0.0006593981656050574","8.6125320748706e-05"
"15","0.29294331916108834","0.23363255842816794","0.15173282293839502","0.12303711426511335","0.06314701160598617","0.048702871816957816","0.03423476592548646","0.020907767048322718","0.01174102029712189","0.0064514065785764236","0.0036994495881893887","0.0023721992237837","0.0014992046044168803","0.000980692346329577","0.0007901810785408416","0.000778112761469113","0.000816546068517361","0.0008368225032432649","0.0007010676927191542","0.0005533558536912925","0.00044171021388513833"
"16","0.2841529253420547","0.23671712977790635","0.11577051267127543","0.016742142904225578","0.004339548807073521","0.09059524735085311","0.07538285517806671","0.0543737816889006","0.03643004711019043","0.024107832594441495","0.01649860940020362","0.011941091014274565","0.00914693712173371","0.007329081178337435","0.005955299016073453","0.004637343053181718","0.0032128495659509196","0.001776369670714813","0.0006943045099277193","0.00017418501196472333","2.190703264829012e-05"
"17","0.2862855306189261","0.2165121080804555","0.14055008046324435","0.07601504071955854","0.09269061550416664","0.05020488524442861","0.04149841989664753","0.0302627215015614","0.02037556591933263","0.013169357095808746","0.008455936431651727","0.005586377069465948","0.0039556477269151605","0.003123615624158933","0.0027788807081880387","0.002653298283330792","0.0024453046755538443","0.0018948638418834843","0.0010822717845432848","0.00039154826883242087","6.793054134604654e-05"
"18","0.2634462081745914","0.17956122903906185","0.16143155989925298","0.11124672407614271","0.08934314388604211","0.059145106212043455","0.04496732884373372","0.02977543204342348","0.018185434430300226","0.01079506511922239","0.006503483864623888","0.004121642294054748","0.002856924166845613","0.0022567016258884594","0.0020718458018554524","0.0021857747843783766","0.0025302149341499868","0.0029606817477360737","0.0031364451653066983","0.0024983314196592083","0.0009807224716882747"
"19","0.23477331289231027","0.26510734649312984","0.14588576204003756","0.1125910942944326","0.011112435848632805","0.07441715311251852","0.05734305383215326","0.03898670619754145","0.024571719369070395","0.014852913380792993","0.008876446652030192","0.005326433135018201","0.0031253895427873404","0.0017001089815095831","0.00082464423377937","0.00034708465089126883","0.00012063765913304166","3.173609656053038e-05","5.558553653627762e-06","4.5868063615835896e-07","4.353382221032877e-09"
"20","0.24584129808119462","0.19307416778892877","0.15157679674095922","0.13161533610298878","0.08084968963351086","0.05978116654699287","0.04696589587722334","0.0316471023809693","0.019225873427309595","0.011140161096831113","0.0065272391398288315","0.004073548774922487","0.002781232437563659","0.0020936457695810754","0.0017118258122289605","0.0014999306758060747","0.001430579443187195","0.0015746895961419394","0.002024272683086999","0.0025290182784865646","0.00203652971225659"
"21","0.1835028437315039","0.17704677214150816","0.10666141852756554","0.024249364763560023","0.031527006467726305","0.1396301350907338","0.12212503897608291","0.08934209763225705","0.05719615250242378","0.03326361002135735","0.018088106144593174","0.009370149418769473","0.004643155049322619","0.0021437221923027295","0.0008603686161089995","0.0002746329632201608","6.43668821631718e-05","1.008401512472623e-05","9.297754175162826e-07","4.430432445278803e-08","7.839331867695367e-10"
"22","0.04048918135584634","0.13003090965424383","0.10859413417090841","0.034591418636983375","0.027614894971023582","0.15110874459262919","0.15235862564992814","0.12929695867242003","0.09547593332306528","0.062356397402820854","0.036190686810980706","0.018625102948273548","0.008436963041050226","0.0033229158087750856","0.0011161434489072623","0.0003103087920584352","6.829427129293681e-05","1.1125803778756716e-05","1.1913716533446053e-06","6.777671718633079e-08","1.4966427208517564e-09"
"23","0.010546323142342474","0.10111317780861305","0.11280445862118314","0.05180471158452263","0.024870738169328537","0.16923073492557672","0.16537337058883175","0.13399015108680584","0.09487091646814486","0.061399287529262124","0.03726779925621077","0.020932003214514494","0.010248001548134439","0.004046347664400877","0.0012085021410950655","0.00025511618116161853","3.530833349225169e-05","2.9273824695393588e-06","1.2237323713671693e-07","1.9723420352141508e-09","8.32980364996521e-12"
"24","0.029957391025212658","0.1239063457354292","0.11452448958043912","0.0518100029092861","0.024930998044675273","0.16476269700379437","0.1647790271336772","0.13589653715297348","0.09404950230427872","0.05457940270703882","0.02622464512032894","0.010292424515556306","0.003264447015920851","0.0008287800517520011","0.00016536375197151687","2.502340864954036e-05","2.720604394454649e-06","1.9440401790754697e-07","7.435803978054498e-09","9.473033946976153e-11","6.718083010590451e-14"
"25","0.2962843396745503","0.19446468730576538","0.057113486434956506","0.028078383010344016","0.009900600174260022","0.09312726127898424","0.08068777768762182","0.06221824538565132","0.04494877627020872","0.03166654160080182","0.02242504936358506","0.016381045552641096","0.012658095610674443","0.010553374079703325","0.009512944185721597","0.009009704445253714","0.008360198009120304","0.006731193740902891","0.004065227657318442","0.0015631534724555346","0.0002499150594802099"
